[
    [
        [
            [0.         1.         0.9962322  ... 0.4102654  0.7789194  0.9243842 ]
            [0.         1.         0.17262907 ... 0.53125274 0.7671232  0.72366333]
            [0.         1.         0.14221925 ... 0.59499747 0.7359203  0.87556547]
                                              ...
            [0.         0.         0.         ... 0.         0.         0.        ]
            [0.         0.         0.         ... 0.         0.         0.        ]
            [0.         0.         0.         ... 0.         0.         0.        ]
        ]
    ]
]